Puzzle 1x1x1x1x2
Dim 5
NAxis 2
Faces 0.5,0,0,0,0 0,0,0,0,1
Group 1,0,0,0,0/1,1,0,0,0 1,0,0,0,0/1,0,1,0,0 1,0,0,0,0/1,0,0,1,0 1,0,0,0,0/0,0,0,0,1
Axis 1,0,0,0,0
Twists 0,1,0,0,0/0,1,1,0,0 0,1,0,0,0/0,0,0,0,1
Cuts
Axis 0,0,0,0,1
Twists 1,0,0,0,0/1,1,0,0,0
Cuts 0

Puzzle 1x1x1x2x2
Dim 5
NAxis 2
Faces 0.5,0,0,0,0 0,0,0,1,0
Group 1,0,0,0,0/1,1,0,0,0 1,0,0,0,0/1,0,1,0,0 1,0,0,0,0/0,0,0,1,0 0,0,0,1,0/0,0,0,1,1
Axis 1,0,0,0,0
Twists 0,1,0,0,0/0,1,1,0,0 0,1,0,0,0/0,0,0,1,0 0,0,0,1,0/0,0,0,1,1
Cuts
Axis 0,0,0,1,0
Twists 1,0,0,0,0/1,1,0,0,0 1,0,0,0,0/1,0,1,0,0 1,0,0,0,0/0,0,0,0,1
Cuts 0